$ 1 0.000005 3.9121283998153213 50 5 43
z 32 192 32 240 2 default-zener
z 32 240 32 288 2 default-zener
209 96 288 96 192 0 0.00009999999999999999 4.297120511966161 1
209 -48 240 32 240 0 0.00009999999999999999 4.6410625782369 1
w 32 192 96 192 0
w 96 288 32 288 0
O 224 192 272 192 0
165 -272 176 -240 176 6 0.00013198551407919644
c -208 336 -208 384 0 1e-7 3.3332235918783146
c -288 304 -288 368 0 3.3e-8 1.8705238228807952
w -272 304 -288 304 0
w -288 304 -288 272 0
w -288 272 -272 272 0
r -288 272 -288 208 0 15000
r -288 208 -288 144 0 1500
w -272 208 -288 208 0
w -80 240 -144 240 0
w -80 240 -48 240 0
g -64 416 -64 464 0
207 -64 416 -64 400 4 GND
207 -176 336 -176 352 4 GND
207 -208 384 -208 400 4 GND
207 -288 368 -288 384 4 GND
207 96 288 96 304 4 GND
R 16 416 16 400 0 0 40 5 0 0 0.5
207 16 464 16 480 4 \p5V
207 -288 144 -288 128 4 \p5V
207 -208 144 -208 128 4 \p5V
207 -144 208 -112 208 4 \p5V
404 16 464 16 416 0 0.0613 0.5 0 false
d 224 192 96 192 2 default
c 224 192 224 224 0 0.00001 -4.095684518663783
g 224 224 224 240 0
o 18 1 0 4611 0.0000762939453125 0.0125 0 2 18 3
o 6 1 0 4611 5 0.1 1 1
